0.000000000000000000e+00 0.000000000000000000e+00 0.000000000000000000e+00 0.000000000000000000e+00 0.000000000000000000e+00 0.000000000000000000e+00 0.000000000000000000e+00 0.000000000000000000e+00 0.000000000000000000e+00 0.000000000000000000e+00 0.000000000000000000e+00 5.000000000000000278e-02 5.499999999999999334e-01 2.299999999999999822e+00 2.000000000000000000e+00 4.049999999999999822e+00 5.149999999999999467e+00 6.000000000000000000e+00 7.049999999999998934e+00 8.349999999999999645e+00
0.000000000000000000e+00 0.000000000000000000e+00 0.000000000000000000e+00 0.000000000000000000e+00 0.000000000000000000e+00 0.000000000000000000e+00 0.000000000000000000e+00 0.000000000000000000e+00 0.000000000000000000e+00 0.000000000000000000e+00 0.000000000000000000e+00 3.500000000000000333e-01 8.999999999999999112e-01 1.600000000000000089e+00 3.350000000000000089e+00 3.850000000000000089e+00 4.049999999999999822e+00 6.950000000000001066e+00 9.000000000000000000e+00 9.150000000000000355e+00
0.000000000000000000e+00 0.000000000000000000e+00 0.000000000000000000e+00 0.000000000000000000e+00 0.000000000000000000e+00 0.000000000000000000e+00 0.000000000000000000e+00 0.000000000000000000e+00 0.000000000000000000e+00 0.000000000000000000e+00 5.000000000000000278e-02 5.000000000000000000e-01 1.050000000000000044e+00 2.700000000000000178e+00 3.250000000000000000e+00 4.799999999999999822e+00 5.850000000000000533e+00 6.650000000000000355e+00 7.599999999999999645e+00 9.849999999999999645e+00
0.000000000000000000e+00 0.000000000000000000e+00 0.000000000000000000e+00 0.000000000000000000e+00 0.000000000000000000e+00 0.000000000000000000e+00 0.000000000000000000e+00 0.000000000000000000e+00 0.000000000000000000e+00 0.000000000000000000e+00 1.000000000000000056e-01 8.999999999999999112e-01 1.400000000000000133e+00 2.450000000000000178e+00 3.500000000000000444e+00 5.250000000000000000e+00 5.600000000000000533e+00 7.500000000000000000e+00 9.349999999999999645e+00 9.650000000000000355e+00
0.000000000000000000e+00 0.000000000000000000e+00 0.000000000000000000e+00 0.000000000000000000e+00 0.000000000000000000e+00 0.000000000000000000e+00 0.000000000000000000e+00 0.000000000000000000e+00 0.000000000000000000e+00 0.000000000000000000e+00 2.999999999999999889e-01 1.500000000000000000e+00 2.750000000000000000e+00 3.699999999999999734e+00 4.399999999999999467e+00 5.750000000000000000e+00 7.149999999999999467e+00 8.550000000000000711e+00 9.349999999999999645e+00 9.750000000000000000e+00
0.000000000000000000e+00 0.000000000000000000e+00 0.000000000000000000e+00 0.000000000000000000e+00 0.000000000000000000e+00 0.000000000000000000e+00 0.000000000000000000e+00 0.000000000000000000e+00 0.000000000000000000e+00 1.000000000000000056e-01 8.500000000000000888e-01 1.500000000000000000e+00 3.149999999999999911e+00 4.250000000000000000e+00 4.950000000000000178e+00 5.650000000000000355e+00 7.099999999999999645e+00 1.000000000000000000e+01 1.075000000000000000e+01 1.315000000000000036e+01
0.000000000000000000e+00 0.000000000000000000e+00 0.000000000000000000e+00 0.000000000000000000e+00 0.000000000000000000e+00 0.000000000000000000e+00 0.000000000000000000e+00 0.000000000000000000e+00 0.000000000000000000e+00 2.999999999999999889e-01 1.050000000000000044e+00 1.350000000000000089e+00 2.949999999999999734e+00 4.200000000000000178e+00 5.500000000000000000e+00 7.599999999999999645e+00 8.099999999999999645e+00 9.000000000000000000e+00 1.109999999999999964e+01 1.469999999999999929e+01
0.000000000000000000e+00 0.000000000000000000e+00 0.000000000000000000e+00 0.000000000000000000e+00 0.000000000000000000e+00 0.000000000000000000e+00 0.000000000000000000e+00 0.000000000000000000e+00 5.000000000000000278e-02 5.999999999999999778e-01 9.499999999999999556e-01 2.199999999999999734e+00 3.549999999999999822e+00 5.000000000000000000e+00 6.000000000000000000e+00 8.000000000000000000e+00 1.059999999999999964e+01 1.025000000000000000e+01 1.259999999999999964e+01 1.380000000000000071e+01
0.000000000000000000e+00 0.000000000000000000e+00 0.000000000000000000e+00 0.000000000000000000e+00 0.000000000000000000e+00 0.000000000000000000e+00 0.000000000000000000e+00 0.000000000000000000e+00 1.000000000000000056e-01 7.500000000000000000e-01 1.500000000000000000e+00 1.949999999999999956e+00 3.200000000000000178e+00 6.500000000000000000e+00 6.650000000000000355e+00 8.799999999999998934e+00 9.550000000000000711e+00 1.005000000000000071e+01 1.365000000000000036e+01 1.385000000000000142e+01
0.000000000000000000e+00 0.000000000000000000e+00 0.000000000000000000e+00 0.000000000000000000e+00 0.000000000000000000e+00 0.000000000000000000e+00 0.000000000000000000e+00 0.000000000000000000e+00 2.000000000000000111e-01 7.500000000000000000e-01 1.750000000000000222e+00 3.500000000000000444e+00 5.600000000000000533e+00 6.150000000000000355e+00 7.000000000000000888e+00 1.010000000000000142e+01 1.100000000000000000e+01 1.395000000000000107e+01 1.519999999999999929e+01 1.375000000000000178e+01
0.000000000000000000e+00 0.000000000000000000e+00 0.000000000000000000e+00 0.000000000000000000e+00 0.000000000000000000e+00 0.000000000000000000e+00 0.000000000000000000e+00 5.000000000000000278e-02 5.999999999999999778e-01 1.350000000000000089e+00 2.299999999999999822e+00 3.950000000000000178e+00 5.500000000000000000e+00 6.550000000000000711e+00 8.799999999999998934e+00 8.349999999999999645e+00 1.269999999999999929e+01 1.419999999999999929e+01 1.295000000000000107e+01 1.295000000000000107e+01
0.000000000000000000e+00 0.000000000000000000e+00 0.000000000000000000e+00 0.000000000000000000e+00 0.000000000000000000e+00 0.000000000000000000e+00 0.000000000000000000e+00 2.000000000000000111e-01 7.000000000000000666e-01 1.300000000000000044e+00 2.250000000000000000e+00 4.000000000000000000e+00 5.250000000000000000e+00 7.649999999999999467e+00 9.000000000000000000e+00 1.040000000000000036e+01 1.184999999999999964e+01 1.400000000000000178e+01 1.454999999999999893e+01 1.315000000000000036e+01
0.000000000000000000e+00 0.000000000000000000e+00 0.000000000000000000e+00 0.000000000000000000e+00 0.000000000000000000e+00 0.000000000000000000e+00 5.000000000000000278e-02 5.000000000000000278e-02 9.499999999999999556e-01 1.700000000000000178e+00 3.799999999999999822e+00 4.000000000000000000e+00 6.400000000000000355e+00 7.799999999999999822e+00 9.700000000000001066e+00 1.194999999999999929e+01 1.345000000000000107e+01 1.469999999999999929e+01 1.300000000000000000e+01 9.900000000000000355e+00
0.000000000000000000e+00 0.000000000000000000e+00 0.000000000000000000e+00 0.000000000000000000e+00 0.000000000000000000e+00 0.000000000000000000e+00 1.000000000000000056e-01 2.500000000000000000e-01 8.500000000000000888e-01 2.399999999999999911e+00 3.750000000000000000e+00 4.500000000000000000e+00 5.850000000000000533e+00 9.150000000000000355e+00 1.044999999999999929e+01 1.244999999999999929e+01 1.454999999999999893e+01 1.519999999999999929e+01 1.310000000000000142e+01 8.450000000000001066e+00
0.000000000000000000e+00 5.000000000000000278e-02 0.000000000000000000e+00 0.000000000000000000e+00 0.000000000000000000e+00 5.000000000000000278e-02 5.000000000000000278e-02 3.500000000000000333e-01 9.499999999999999556e-01 2.649999999999999911e+00 4.450000000000000178e+00 4.700000000000000178e+00 8.000000000000000000e+00 9.049999999999998934e+00 1.204999999999999893e+01 1.215000000000000036e+01 1.575000000000000000e+01 1.390000000000000213e+01 1.189999999999999858e+01 7.000000000000000888e+00
5.000000000000000278e-02 0.000000000000000000e+00 5.000000000000000278e-02 1.000000000000000056e-01 5.000000000000000278e-02 1.000000000000000056e-01 2.999999999999999889e-01 5.999999999999999778e-01 1.600000000000000089e+00 2.000000000000000000e+00 4.100000000000000533e+00 4.700000000000000178e+00 8.750000000000000000e+00 1.160000000000000142e+01 1.325000000000000000e+01 1.519999999999999929e+01 1.750000000000000000e+01 1.340000000000000036e+01 1.189999999999999858e+01 5.600000000000000533e+00
5.000000000000000278e-02 5.000000000000000278e-02 0.000000000000000000e+00 0.000000000000000000e+00 1.000000000000000056e-01 1.499999999999999944e-01 1.499999999999999944e-01 5.499999999999999334e-01 1.450000000000000178e+00 2.800000000000000266e+00 3.899999999999999911e+00 6.000000000000000000e+00 9.199999999999999289e+00 1.125000000000000000e+01 1.250000000000000000e+01 1.469999999999999929e+01 1.605000000000000071e+01 1.265000000000000036e+01 8.900000000000000355e+00 5.000000000000000000e+00
1.000000000000000056e-01 5.000000000000000278e-02 2.500000000000000000e-01 2.500000000000000000e-01 2.999999999999999889e-01 4.000000000000000222e-01 2.500000000000000000e-01 5.499999999999999334e-01 1.700000000000000178e+00 2.100000000000000089e+00 4.000000000000000000e+00 6.349999999999999645e+00 9.049999999999998934e+00 1.094999999999999929e+01 1.540000000000000036e+01 1.519999999999999929e+01 1.515000000000000036e+01 1.189999999999999858e+01 8.050000000000000711e+00 3.699999999999999734e+00
6.500000000000000222e-01 6.500000000000000222e-01 1.000000000000000000e+00 1.000000000000000000e+00 7.500000000000000000e-01 3.500000000000000333e-01 6.500000000000000222e-01 8.500000000000000888e-01 1.450000000000000178e+00 2.949999999999999734e+00 4.599999999999999645e+00 7.149999999999999467e+00 9.550000000000000711e+00 1.204999999999999893e+01 1.484999999999999964e+01 1.479999999999999893e+01 1.509999999999999964e+01 1.100000000000000000e+01 6.700000000000000178e+00 4.000000000000000000e+00
3.500000000000000444e+00 3.149999999999999911e+00 3.049999999999999822e+00 2.050000000000000266e+00 2.299999999999999822e+00 1.899999999999999911e+00 2.000000000000000000e+00 2.399999999999999911e+00 2.250000000000000000e+00 2.949999999999999734e+00 5.949999999999999289e+00 7.900000000000000355e+00 1.025000000000000000e+01 1.194999999999999929e+01 1.734999999999999787e+01 1.439999999999999858e+01 1.290000000000000036e+01 1.120000000000000107e+01 5.899999999999999467e+00 4.100000000000000533e+00
