0.000000000000000000e+00 0.000000000000000000e+00 0.000000000000000000e+00 0.000000000000000000e+00 5.000000000000000278e-02 1.499999999999999944e-01 8.000000000000000444e-01 1.099999999999999867e+00 1.500000000000000000e+00 2.000000000000000000e+00 2.000000000000000000e+00 2.549999999999999822e+00 2.700000000000000178e+00 2.500000000000000000e+00 3.000000000000000000e+00 3.250000000000000000e+00 3.699999999999999734e+00 2.700000000000000178e+00 3.599999999999999645e+00 4.000000000000000000e+00
0.000000000000000000e+00 2.500000000000000000e-01 1.650000000000000133e+00 3.300000000000000266e+00 3.400000000000000355e+00 5.050000000000000711e+00 6.600000000000000533e+00 6.500000000000000000e+00 8.000000000000000000e+00 7.500000000000000000e+00 7.700000000000000178e+00 9.000000000000000000e+00 8.699999999999999289e+00 8.450000000000001066e+00 7.849999999999999645e+00 9.700000000000001066e+00 9.400000000000000355e+00 9.099999999999999645e+00 1.019999999999999929e+01 9.650000000000000355e+00
0.000000000000000000e+00 5.999999999999999778e-01 2.299999999999999822e+00 3.799999999999999822e+00 5.899999999999999467e+00 6.200000000000000178e+00 6.950000000000001066e+00 7.399999999999999467e+00 8.400000000000000355e+00 9.599999999999999645e+00 8.599999999999999645e+00 1.084999999999999964e+01 1.015000000000000036e+01 1.015000000000000036e+01 1.010000000000000142e+01 1.044999999999999929e+01 1.019999999999999929e+01 1.194999999999999929e+01 1.209999999999999964e+01 1.225000000000000000e+01
0.000000000000000000e+00 9.499999999999999556e-01 3.100000000000000089e+00 4.150000000000000355e+00 5.650000000000000355e+00 7.900000000000000355e+00 8.699999999999999289e+00 9.300000000000000711e+00 9.400000000000000355e+00 1.015000000000000036e+01 1.025000000000000000e+01 1.029999999999999893e+01 9.750000000000000000e+00 1.240000000000000036e+01 1.125000000000000000e+01 1.269999999999999929e+01 1.184999999999999964e+01 1.250000000000000000e+01 1.340000000000000036e+01 1.509999999999999964e+01
0.000000000000000000e+00 1.300000000000000044e+00 3.200000000000000178e+00 5.050000000000000711e+00 6.349999999999999645e+00 7.599999999999999645e+00 7.849999999999999645e+00 9.150000000000000355e+00 1.015000000000000036e+01 9.550000000000000711e+00 1.069999999999999929e+01 1.115000000000000036e+01 1.175000000000000000e+01 1.259999999999999964e+01 1.284999999999999964e+01 1.234999999999999964e+01 1.390000000000000213e+01 1.409999999999999787e+01 1.469999999999999929e+01 1.419999999999999929e+01
0.000000000000000000e+00 1.250000000000000000e+00 3.100000000000000089e+00 4.850000000000000533e+00 6.450000000000000178e+00 8.750000000000000000e+00 8.500000000000000000e+00 9.150000000000000355e+00 9.599999999999999645e+00 1.109999999999999964e+01 1.134999999999999964e+01 1.050000000000000000e+01 1.305000000000000071e+01 1.434999999999999964e+01 1.370000000000000107e+01 1.275000000000000000e+01 1.350000000000000000e+01 1.325000000000000000e+01 1.380000000000000071e+01 1.459999999999999964e+01
0.000000000000000000e+00 1.450000000000000178e+00 3.850000000000000089e+00 4.750000000000000000e+00 7.299999999999999822e+00 7.849999999999999645e+00 9.750000000000000000e+00 1.000000000000000000e+01 1.044999999999999929e+01 1.145000000000000107e+01 1.140000000000000036e+01 1.090000000000000036e+01 1.269999999999999929e+01 1.330000000000000071e+01 1.449999999999999822e+01 1.234999999999999964e+01 1.484999999999999964e+01 1.580000000000000071e+01 1.419999999999999929e+01 1.504999999999999893e+01
0.000000000000000000e+00 1.050000000000000044e+00 4.049999999999999822e+00 5.450000000000000178e+00 7.399999999999999467e+00 8.150000000000000355e+00 9.500000000000000000e+00 9.500000000000000000e+00 1.059999999999999964e+01 1.184999999999999964e+01 1.240000000000000036e+01 1.265000000000000036e+01 1.295000000000000107e+01 1.375000000000000178e+01 1.419999999999999929e+01 1.534999999999999964e+01 1.395000000000000107e+01 1.360000000000000142e+01 1.434999999999999964e+01 1.434999999999999964e+01
0.000000000000000000e+00 1.149999999999999911e+00 3.549999999999999822e+00 6.000000000000000000e+00 8.200000000000001066e+00 9.300000000000000711e+00 8.000000000000000000e+00 1.050000000000000000e+01 1.059999999999999964e+01 1.160000000000000142e+01 1.215000000000000036e+01 1.360000000000000142e+01 1.305000000000000071e+01 1.475000000000000000e+01 1.464999999999999858e+01 1.429999999999999893e+01 1.494999999999999929e+01 1.429999999999999893e+01 1.540000000000000036e+01 1.464999999999999858e+01
0.000000000000000000e+00 1.350000000000000089e+00 3.500000000000000444e+00 6.349999999999999645e+00 7.799999999999999822e+00 7.649999999999999467e+00 9.599999999999999645e+00 1.034999999999999964e+01 1.084999999999999964e+01 1.179999999999999893e+01 1.325000000000000000e+01 1.434999999999999964e+01 1.424999999999999822e+01 1.534999999999999964e+01 1.459999999999999964e+01 1.464999999999999858e+01 1.454999999999999893e+01 1.414999999999999858e+01 1.360000000000000142e+01 1.500000000000000000e+01
0.000000000000000000e+00 1.099999999999999867e+00 3.599999999999999645e+00 6.150000000000000355e+00 7.449999999999999289e+00 8.349999999999999645e+00 9.849999999999999645e+00 9.700000000000001066e+00 1.040000000000000036e+01 1.259999999999999964e+01 1.434999999999999964e+01 1.434999999999999964e+01 1.390000000000000213e+01 1.310000000000000142e+01 1.424999999999999822e+01 1.555000000000000071e+01 1.555000000000000071e+01 1.519999999999999929e+01 1.575000000000000000e+01 1.550000000000000000e+01
0.000000000000000000e+00 1.149999999999999911e+00 5.099999999999999645e+00 5.899999999999999467e+00 7.649999999999999467e+00 8.949999999999999289e+00 1.025000000000000000e+01 1.090000000000000036e+01 1.170000000000000107e+01 1.350000000000000000e+01 1.390000000000000213e+01 1.325000000000000000e+01 1.335000000000000142e+01 1.475000000000000000e+01 1.434999999999999964e+01 1.360000000000000142e+01 1.439999999999999858e+01 1.459999999999999964e+01 1.534999999999999964e+01 1.610000000000000142e+01
0.000000000000000000e+00 1.250000000000000000e+00 3.400000000000000355e+00 6.349999999999999645e+00 7.700000000000000178e+00 8.799999999999998934e+00 1.094999999999999929e+01 1.230000000000000071e+01 1.150000000000000000e+01 1.414999999999999858e+01 1.320000000000000107e+01 1.405000000000000071e+01 1.409999999999999787e+01 1.390000000000000213e+01 1.635000000000000142e+01 1.534999999999999964e+01 1.519999999999999929e+01 1.529999999999999893e+01 1.565000000000000036e+01 1.500000000000000000e+01
0.000000000000000000e+00 1.600000000000000089e+00 3.950000000000000178e+00 6.200000000000000178e+00 8.099999999999999645e+00 1.000000000000000000e+01 1.084999999999999964e+01 1.069999999999999929e+01 1.300000000000000000e+01 1.325000000000000000e+01 1.375000000000000178e+01 1.345000000000000107e+01 1.444999999999999929e+01 1.575000000000000000e+01 1.555000000000000071e+01 1.360000000000000142e+01 1.464999999999999858e+01 1.395000000000000107e+01 1.484999999999999964e+01 1.469999999999999929e+01
0.000000000000000000e+00 1.949999999999999956e+00 4.049999999999999822e+00 7.000000000000000888e+00 8.250000000000000000e+00 8.750000000000000000e+00 1.044999999999999929e+01 1.084999999999999964e+01 1.109999999999999964e+01 1.269999999999999929e+01 1.295000000000000107e+01 1.280000000000000071e+01 1.640000000000000213e+01 1.534999999999999964e+01 1.595000000000000107e+01 1.504999999999999893e+01 1.509999999999999964e+01 1.449999999999999822e+01 1.575000000000000000e+01 1.660000000000000142e+01
0.000000000000000000e+00 1.199999999999999956e+00 3.649999999999999911e+00 7.900000000000000355e+00 8.599999999999999645e+00 1.050000000000000000e+01 1.025000000000000000e+01 1.115000000000000036e+01 1.255000000000000071e+01 1.240000000000000036e+01 1.484999999999999964e+01 1.544999999999999929e+01 1.509999999999999964e+01 1.504999999999999893e+01 1.590000000000000036e+01 1.584999999999999964e+01 1.500000000000000000e+01 1.534999999999999964e+01 1.559999999999999964e+01 1.365000000000000036e+01
0.000000000000000000e+00 1.250000000000000000e+00 4.500000000000000000e+00 6.700000000000000178e+00 8.300000000000000711e+00 1.015000000000000036e+01 1.075000000000000000e+01 1.170000000000000107e+01 1.170000000000000107e+01 1.429999999999999893e+01 1.459999999999999964e+01 1.439999999999999858e+01 1.565000000000000036e+01 1.519999999999999929e+01 1.590000000000000036e+01 1.625000000000000000e+01 1.429999999999999893e+01 1.600000000000000000e+01 1.365000000000000036e+01 1.414999999999999858e+01
0.000000000000000000e+00 1.700000000000000178e+00 4.399999999999999467e+00 6.299999999999999822e+00 8.300000000000000711e+00 9.599999999999999645e+00 1.175000000000000000e+01 1.250000000000000000e+01 1.215000000000000036e+01 1.375000000000000178e+01 1.419999999999999929e+01 1.464999999999999858e+01 1.350000000000000000e+01 1.559999999999999964e+01 1.330000000000000071e+01 1.525000000000000000e+01 1.444999999999999929e+01 1.365000000000000036e+01 1.500000000000000000e+01 1.529999999999999893e+01
0.000000000000000000e+00 1.350000000000000089e+00 4.299999999999999822e+00 6.299999999999999822e+00 8.000000000000000000e+00 1.019999999999999929e+01 1.230000000000000071e+01 1.255000000000000071e+01 1.434999999999999964e+01 1.439999999999999858e+01 1.550000000000000000e+01 1.449999999999999822e+01 1.494999999999999929e+01 1.655000000000000071e+01 1.555000000000000071e+01 1.419999999999999929e+01 1.484999999999999964e+01 1.459999999999999964e+01 1.449999999999999822e+01 1.489999999999999858e+01
0.000000000000000000e+00 1.149999999999999911e+00 4.549999999999999822e+00 5.700000000000000178e+00 8.699999999999999289e+00 1.034999999999999964e+01 1.255000000000000071e+01 1.010000000000000142e+01 1.225000000000000000e+01 1.330000000000000071e+01 1.559999999999999964e+01 1.529999999999999893e+01 1.529999999999999893e+01 1.540000000000000036e+01 1.464999999999999858e+01 1.635000000000000142e+01 1.569999999999999929e+01 1.454999999999999893e+01 1.484999999999999964e+01 1.365000000000000036e+01
