0.000000000000000000e+00 3.300000000000000266e+00 6.349999999999999645e+00 6.400000000000000355e+00 8.150000000000000355e+00 8.150000000000000355e+00 9.099999999999999645e+00 8.799999999999998934e+00 8.949999999999999289e+00 8.649999999999998579e+00 1.065000000000000036e+01 1.165000000000000036e+01 1.120000000000000107e+01 1.414999999999999858e+01 1.335000000000000142e+01 1.385000000000000142e+01 1.395000000000000107e+01 1.414999999999999858e+01 1.439999999999999858e+01 1.584999999999999964e+01
1.499999999999999944e-01 1.034999999999999964e+01 1.424999999999999822e+01 1.534999999999999964e+01 1.479999999999999893e+01 1.295000000000000107e+01 9.650000000000000355e+00 8.649999999999998579e+00 6.600000000000000533e+00 5.549999999999999822e+00 3.549999999999999822e+00 2.900000000000000355e+00 3.300000000000000266e+00 2.050000000000000266e+00 1.700000000000000178e+00 2.050000000000000266e+00 1.600000000000000089e+00 1.300000000000000044e+00 1.650000000000000133e+00 1.099999999999999867e+00
4.499999999999999556e-01 1.160000000000000142e+01 1.569999999999999929e+01 1.390000000000000213e+01 1.234999999999999964e+01 9.250000000000000000e+00 7.249999999999999112e+00 5.949999999999999289e+00 4.500000000000000000e+00 3.250000000000000000e+00 2.450000000000000178e+00 3.350000000000000089e+00 2.050000000000000266e+00 2.250000000000000000e+00 1.500000000000000000e+00 1.849999999999999867e+00 1.600000000000000089e+00 1.450000000000000178e+00 1.400000000000000133e+00 7.000000000000000666e-01
1.000000000000000000e+00 1.305000000000000071e+01 1.555000000000000071e+01 1.365000000000000036e+01 1.029999999999999893e+01 7.900000000000000355e+00 6.200000000000000178e+00 5.299999999999999822e+00 3.799999999999999822e+00 3.250000000000000000e+00 2.100000000000000089e+00 1.600000000000000089e+00 1.700000000000000178e+00 2.399999999999999911e+00 1.450000000000000178e+00 1.650000000000000133e+00 1.600000000000000089e+00 1.250000000000000000e+00 9.499999999999999556e-01 1.099999999999999867e+00
1.500000000000000000e+00 1.405000000000000071e+01 1.569999999999999929e+01 1.475000000000000000e+01 1.025000000000000000e+01 8.150000000000000355e+00 6.150000000000000355e+00 4.650000000000000355e+00 3.599999999999999645e+00 3.049999999999999822e+00 2.900000000000000355e+00 2.050000000000000266e+00 1.949999999999999956e+00 2.250000000000000000e+00 1.899999999999999911e+00 1.899999999999999911e+00 1.600000000000000089e+00 1.400000000000000133e+00 1.000000000000000000e+00 9.499999999999999556e-01
1.849999999999999867e+00 1.365000000000000036e+01 1.569999999999999929e+01 1.244999999999999929e+01 8.099999999999999645e+00 7.099999999999999645e+00 5.050000000000000711e+00 4.000000000000000000e+00 3.500000000000000444e+00 2.399999999999999911e+00 2.800000000000000266e+00 2.850000000000000089e+00 1.899999999999999911e+00 1.500000000000000000e+00 1.199999999999999956e+00 1.400000000000000133e+00 1.300000000000000044e+00 1.149999999999999911e+00 1.350000000000000089e+00 1.400000000000000133e+00
3.100000000000000089e+00 1.454999999999999893e+01 1.615000000000000213e+01 1.250000000000000000e+01 8.849999999999999645e+00 6.500000000000000000e+00 4.349999999999999645e+00 3.200000000000000178e+00 3.049999999999999822e+00 3.300000000000000266e+00 2.700000000000000178e+00 2.250000000000000000e+00 2.250000000000000000e+00 1.750000000000000222e+00 1.350000000000000089e+00 1.700000000000000178e+00 1.099999999999999867e+00 1.500000000000000000e+00 1.050000000000000044e+00 8.000000000000000444e-01
4.349999999999999645e+00 1.390000000000000213e+01 1.515000000000000036e+01 1.250000000000000000e+01 9.449999999999999289e+00 6.450000000000000178e+00 4.150000000000000355e+00 3.350000000000000089e+00 3.000000000000000000e+00 3.000000000000000000e+00 1.949999999999999956e+00 2.949999999999999734e+00 2.050000000000000266e+00 1.600000000000000089e+00 1.700000000000000178e+00 1.300000000000000044e+00 1.300000000000000044e+00 8.999999999999999112e-01 1.000000000000000000e+00 1.000000000000000000e+00
5.050000000000000711e+00 1.635000000000000142e+01 1.719999999999999929e+01 1.184999999999999964e+01 7.849999999999999645e+00 6.200000000000000178e+00 4.500000000000000000e+00 3.899999999999999911e+00 3.049999999999999822e+00 3.000000000000000000e+00 2.549999999999999822e+00 2.149999999999999911e+00 1.550000000000000044e+00 1.550000000000000044e+00 1.400000000000000133e+00 1.000000000000000000e+00 1.300000000000000044e+00 1.650000000000000133e+00 1.350000000000000089e+00 1.300000000000000044e+00
5.750000000000000000e+00 1.509999999999999964e+01 1.500000000000000000e+01 1.094999999999999929e+01 8.400000000000000355e+00 5.000000000000000000e+00 4.650000000000000355e+00 3.799999999999999822e+00 3.250000000000000000e+00 2.500000000000000000e+00 1.899999999999999911e+00 1.949999999999999956e+00 1.799999999999999822e+00 1.600000000000000089e+00 1.550000000000000044e+00 1.300000000000000044e+00 1.600000000000000089e+00 1.650000000000000133e+00 9.499999999999999556e-01 6.500000000000000222e-01
7.049999999999998934e+00 1.584999999999999964e+01 1.550000000000000000e+01 1.080000000000000071e+01 7.299999999999999822e+00 5.500000000000000000e+00 3.850000000000000089e+00 3.300000000000000266e+00 2.750000000000000000e+00 2.399999999999999911e+00 2.549999999999999822e+00 2.649999999999999911e+00 2.299999999999999822e+00 1.799999999999999822e+00 2.299999999999999822e+00 1.849999999999999867e+00 1.450000000000000178e+00 1.000000000000000000e+00 1.600000000000000089e+00 1.149999999999999911e+00
7.900000000000000355e+00 1.405000000000000071e+01 1.534999999999999964e+01 1.069999999999999929e+01 7.299999999999999822e+00 4.650000000000000355e+00 4.349999999999999645e+00 4.200000000000000178e+00 3.350000000000000089e+00 2.399999999999999911e+00 2.250000000000000000e+00 2.199999999999999734e+00 1.799999999999999822e+00 1.400000000000000133e+00 1.149999999999999911e+00 1.400000000000000133e+00 1.400000000000000133e+00 1.149999999999999911e+00 1.550000000000000044e+00 1.300000000000000044e+00
7.349999999999999645e+00 1.630000000000000071e+01 1.710000000000000142e+01 9.099999999999999645e+00 6.650000000000000355e+00 5.800000000000000711e+00 4.599999999999999645e+00 2.649999999999999911e+00 3.100000000000000089e+00 2.700000000000000178e+00 2.199999999999999734e+00 2.050000000000000266e+00 1.700000000000000178e+00 1.600000000000000089e+00 1.750000000000000222e+00 1.500000000000000000e+00 1.350000000000000089e+00 8.000000000000000444e-01 1.050000000000000044e+00 8.999999999999999112e-01
7.750000000000000000e+00 1.650000000000000000e+01 1.555000000000000071e+01 9.900000000000000355e+00 6.950000000000001066e+00 5.650000000000000355e+00 3.549999999999999822e+00 3.549999999999999822e+00 3.200000000000000178e+00 2.549999999999999822e+00 1.750000000000000222e+00 1.899999999999999911e+00 1.849999999999999867e+00 1.750000000000000222e+00 1.500000000000000000e+00 1.450000000000000178e+00 1.600000000000000089e+00 1.400000000000000133e+00 1.350000000000000089e+00 1.700000000000000178e+00
9.150000000000000355e+00 1.630000000000000071e+01 1.449999999999999822e+01 9.000000000000000000e+00 7.799999999999999822e+00 5.149999999999999467e+00 3.899999999999999911e+00 3.599999999999999645e+00 2.149999999999999911e+00 2.700000000000000178e+00 2.250000000000000000e+00 1.700000000000000178e+00 1.700000000000000178e+00 1.600000000000000089e+00 1.650000000000000133e+00 1.300000000000000044e+00 1.799999999999999822e+00 1.149999999999999911e+00 1.099999999999999867e+00 9.499999999999999556e-01
8.699999999999999289e+00 1.819999999999999929e+01 1.595000000000000107e+01 9.650000000000000355e+00 7.799999999999999822e+00 4.650000000000000355e+00 3.750000000000000000e+00 4.799999999999999822e+00 2.450000000000000178e+00 3.100000000000000089e+00 2.000000000000000000e+00 1.400000000000000133e+00 1.949999999999999956e+00 1.550000000000000044e+00 1.400000000000000133e+00 1.099999999999999867e+00 1.500000000000000000e+00 1.500000000000000000e+00 1.050000000000000044e+00 1.350000000000000089e+00
9.750000000000000000e+00 1.814999999999999858e+01 1.444999999999999929e+01 1.059999999999999964e+01 6.450000000000000178e+00 5.099999999999999645e+00 4.450000000000000178e+00 3.100000000000000089e+00 2.450000000000000178e+00 2.299999999999999822e+00 2.549999999999999822e+00 2.450000000000000178e+00 2.199999999999999734e+00 1.600000000000000089e+00 1.550000000000000044e+00 1.350000000000000089e+00 8.500000000000000888e-01 1.000000000000000000e+00 1.099999999999999867e+00 1.149999999999999911e+00
1.019999999999999929e+01 1.789999999999999858e+01 1.504999999999999893e+01 1.025000000000000000e+01 6.950000000000001066e+00 4.549999999999999822e+00 3.750000000000000000e+00 3.750000000000000000e+00 2.350000000000000089e+00 2.250000000000000000e+00 1.899999999999999911e+00 1.300000000000000044e+00 1.550000000000000044e+00 1.700000000000000178e+00 1.899999999999999911e+00 7.500000000000000000e-01 1.450000000000000178e+00 1.300000000000000044e+00 1.199999999999999956e+00 8.500000000000000888e-01
9.950000000000001066e+00 1.814999999999999858e+01 1.375000000000000178e+01 9.349999999999999645e+00 7.249999999999999112e+00 6.049999999999999822e+00 3.699999999999999734e+00 3.300000000000000266e+00 2.900000000000000355e+00 2.450000000000000178e+00 2.199999999999999734e+00 1.750000000000000222e+00 2.000000000000000000e+00 2.199999999999999734e+00 1.250000000000000000e+00 1.350000000000000089e+00 1.350000000000000089e+00 1.350000000000000089e+00 1.550000000000000044e+00 8.999999999999999112e-01
1.125000000000000000e+01 1.805000000000000071e+01 1.569999999999999929e+01 1.029999999999999893e+01 6.900000000000000355e+00 4.399999999999999467e+00 3.649999999999999911e+00 3.599999999999999645e+00 2.399999999999999911e+00 2.250000000000000000e+00 2.100000000000000089e+00 2.050000000000000266e+00 1.849999999999999867e+00 2.050000000000000266e+00 1.500000000000000000e+00 2.250000000000000000e+00 1.500000000000000000e+00 1.099999999999999867e+00 1.199999999999999956e+00 1.050000000000000044e+00
