0.000000000000000000e+00 0.000000000000000000e+00 0.000000000000000000e+00 0.000000000000000000e+00 0.000000000000000000e+00 0.000000000000000000e+00 0.000000000000000000e+00 0.000000000000000000e+00 2.999999999999999889e-01 1.849999999999999867e+00 2.450000000000000178e+00 3.100000000000000089e+00 4.000000000000000000e+00 5.500000000000000000e+00 7.799999999999999822e+00 8.250000000000000000e+00 9.650000000000000355e+00 9.950000000000001066e+00 1.300000000000000000e+01 1.484999999999999964e+01
0.000000000000000000e+00 0.000000000000000000e+00 0.000000000000000000e+00 0.000000000000000000e+00 0.000000000000000000e+00 0.000000000000000000e+00 0.000000000000000000e+00 1.000000000000000056e-01 1.199999999999999956e+00 2.050000000000000266e+00 2.450000000000000178e+00 3.899999999999999911e+00 4.850000000000000533e+00 6.299999999999999822e+00 7.649999999999999467e+00 9.049999999999998934e+00 9.550000000000000711e+00 1.204999999999999893e+01 1.489999999999999858e+01 1.494999999999999929e+01
0.000000000000000000e+00 0.000000000000000000e+00 0.000000000000000000e+00 0.000000000000000000e+00 0.000000000000000000e+00 0.000000000000000000e+00 0.000000000000000000e+00 1.000000000000000056e-01 1.600000000000000089e+00 2.299999999999999822e+00 3.000000000000000000e+00 3.400000000000000355e+00 5.349999999999999645e+00 7.199999999999999289e+00 8.050000000000000711e+00 9.049999999999998934e+00 9.900000000000000355e+00 1.170000000000000107e+01 1.484999999999999964e+01 1.429999999999999893e+01
0.000000000000000000e+00 0.000000000000000000e+00 0.000000000000000000e+00 0.000000000000000000e+00 0.000000000000000000e+00 0.000000000000000000e+00 0.000000000000000000e+00 4.499999999999999556e-01 1.650000000000000133e+00 2.700000000000000178e+00 3.699999999999999734e+00 4.399999999999999467e+00 5.750000000000000000e+00 7.500000000000000000e+00 1.010000000000000142e+01 1.040000000000000036e+01 1.059999999999999964e+01 1.489999999999999858e+01 1.395000000000000107e+01 1.300000000000000000e+01
0.000000000000000000e+00 0.000000000000000000e+00 0.000000000000000000e+00 0.000000000000000000e+00 0.000000000000000000e+00 0.000000000000000000e+00 1.000000000000000056e-01 6.500000000000000222e-01 1.650000000000000133e+00 3.599999999999999645e+00 4.100000000000000533e+00 5.250000000000000000e+00 6.500000000000000000e+00 8.200000000000001066e+00 1.025000000000000000e+01 9.800000000000000711e+00 1.390000000000000213e+01 1.615000000000000213e+01 1.419999999999999929e+01 8.949999999999999289e+00
0.000000000000000000e+00 0.000000000000000000e+00 0.000000000000000000e+00 0.000000000000000000e+00 0.000000000000000000e+00 0.000000000000000000e+00 3.500000000000000333e-01 1.600000000000000089e+00 2.549999999999999822e+00 3.799999999999999822e+00 4.150000000000000355e+00 5.750000000000000000e+00 7.849999999999999645e+00 7.049999999999998934e+00 1.005000000000000071e+01 1.160000000000000142e+01 1.385000000000000142e+01 1.444999999999999929e+01 1.209999999999999964e+01 6.600000000000000533e+00
0.000000000000000000e+00 0.000000000000000000e+00 0.000000000000000000e+00 0.000000000000000000e+00 5.000000000000000278e-02 5.000000000000000278e-02 7.000000000000000666e-01 1.799999999999999822e+00 3.100000000000000089e+00 3.300000000000000266e+00 5.650000000000000355e+00 5.549999999999999822e+00 8.050000000000000711e+00 1.105000000000000071e+01 1.109999999999999964e+01 1.424999999999999822e+01 1.295000000000000107e+01 1.385000000000000142e+01 9.250000000000000000e+00 5.050000000000000711e+00
0.000000000000000000e+00 0.000000000000000000e+00 0.000000000000000000e+00 0.000000000000000000e+00 5.000000000000000278e-02 3.500000000000000333e-01 1.149999999999999911e+00 1.849999999999999867e+00 3.100000000000000089e+00 4.850000000000000533e+00 5.700000000000000178e+00 7.149999999999999467e+00 9.700000000000001066e+00 9.099999999999999645e+00 1.184999999999999964e+01 1.335000000000000142e+01 1.375000000000000178e+01 1.219999999999999929e+01 6.800000000000000711e+00 3.500000000000000444e+00
0.000000000000000000e+00 0.000000000000000000e+00 0.000000000000000000e+00 0.000000000000000000e+00 1.000000000000000056e-01 6.500000000000000222e-01 1.250000000000000000e+00 2.600000000000000089e+00 3.400000000000000355e+00 5.600000000000000533e+00 6.500000000000000000e+00 9.900000000000000355e+00 9.250000000000000000e+00 1.050000000000000000e+01 1.305000000000000071e+01 1.390000000000000213e+01 1.405000000000000071e+01 1.040000000000000036e+01 5.949999999999999289e+00 2.800000000000000266e+00
0.000000000000000000e+00 0.000000000000000000e+00 0.000000000000000000e+00 0.000000000000000000e+00 2.000000000000000111e-01 7.000000000000000666e-01 1.700000000000000178e+00 3.149999999999999911e+00 3.750000000000000000e+00 6.200000000000000178e+00 7.900000000000000355e+00 9.099999999999999645e+00 1.200000000000000000e+01 1.175000000000000000e+01 1.350000000000000000e+01 1.575000000000000000e+01 1.330000000000000071e+01 8.550000000000000711e+00 4.599999999999999645e+00 1.400000000000000133e+00
0.000000000000000000e+00 5.000000000000000278e-02 0.000000000000000000e+00 1.000000000000000056e-01 2.500000000000000000e-01 8.000000000000000444e-01 1.750000000000000222e+00 3.699999999999999734e+00 5.050000000000000711e+00 6.650000000000000355e+00 8.250000000000000000e+00 1.090000000000000036e+01 1.259999999999999964e+01 1.340000000000000036e+01 1.385000000000000142e+01 1.439999999999999858e+01 1.120000000000000107e+01 6.450000000000000178e+00 3.200000000000000178e+00 1.199999999999999956e+00
0.000000000000000000e+00 0.000000000000000000e+00 5.000000000000000278e-02 2.500000000000000000e-01 2.999999999999999889e-01 8.500000000000000888e-01 1.899999999999999911e+00 3.599999999999999645e+00 4.700000000000000178e+00 6.099999999999999645e+00 9.599999999999999645e+00 1.075000000000000000e+01 1.140000000000000036e+01 1.449999999999999822e+01 1.619999999999999929e+01 1.414999999999999858e+01 9.550000000000000711e+00 5.450000000000000178e+00 2.050000000000000266e+00 1.149999999999999911e+00
2.500000000000000000e-01 5.000000000000000278e-02 1.499999999999999944e-01 6.500000000000000222e-01 6.500000000000000222e-01 1.400000000000000133e+00 2.250000000000000000e+00 4.100000000000000533e+00 5.400000000000000355e+00 7.299999999999999822e+00 8.450000000000001066e+00 1.115000000000000036e+01 1.400000000000000178e+01 1.590000000000000036e+01 1.615000000000000213e+01 1.189999999999999858e+01 7.349999999999999645e+00 4.150000000000000355e+00 2.149999999999999911e+00 1.350000000000000089e+00
2.000000000000000111e-01 5.499999999999999334e-01 4.000000000000000222e-01 7.500000000000000000e-01 8.500000000000000888e-01 1.400000000000000133e+00 2.250000000000000000e+00 3.699999999999999734e+00 5.000000000000000000e+00 8.599999999999999645e+00 1.080000000000000071e+01 1.259999999999999964e+01 1.360000000000000142e+01 1.459999999999999964e+01 1.559999999999999964e+01 1.170000000000000107e+01 5.750000000000000000e+00 3.899999999999999911e+00 1.750000000000000222e+00 1.199999999999999956e+00
7.500000000000000000e-01 6.500000000000000222e-01 8.000000000000000444e-01 8.000000000000000444e-01 1.899999999999999911e+00 1.899999999999999911e+00 3.049999999999999822e+00 4.599999999999999645e+00 7.149999999999999467e+00 8.949999999999999289e+00 1.200000000000000000e+01 1.409999999999999787e+01 1.484999999999999964e+01 1.610000000000000142e+01 1.370000000000000107e+01 9.800000000000000711e+00 6.150000000000000355e+00 2.850000000000000089e+00 1.750000000000000222e+00 5.499999999999999334e-01
1.750000000000000222e+00 1.149999999999999911e+00 1.949999999999999956e+00 1.149999999999999911e+00 1.000000000000000000e+00 2.350000000000000089e+00 2.700000000000000178e+00 4.799999999999999822e+00 6.150000000000000355e+00 9.449999999999999289e+00 1.155000000000000071e+01 1.405000000000000071e+01 1.719999999999999929e+01 1.680000000000000071e+01 1.280000000000000071e+01 7.950000000000000178e+00 4.700000000000000178e+00 3.400000000000000355e+00 2.100000000000000089e+00 1.350000000000000089e+00
3.850000000000000089e+00 3.049999999999999822e+00 2.549999999999999822e+00 3.049999999999999822e+00 2.500000000000000000e+00 3.000000000000000000e+00 4.100000000000000533e+00 5.400000000000000355e+00 7.549999999999999822e+00 9.000000000000000000e+00 1.280000000000000071e+01 1.500000000000000000e+01 1.550000000000000000e+01 1.409999999999999787e+01 1.150000000000000000e+01 6.400000000000000355e+00 4.950000000000000178e+00 2.850000000000000089e+00 1.550000000000000044e+00 9.499999999999999556e-01
5.850000000000000533e+00 5.050000000000000711e+00 4.599999999999999645e+00 5.050000000000000711e+00 4.049999999999999822e+00 3.649999999999999911e+00 4.349999999999999645e+00 5.800000000000000711e+00 8.250000000000000000e+00 1.054999999999999893e+01 1.320000000000000107e+01 1.619999999999999929e+01 1.750000000000000000e+01 1.575000000000000000e+01 9.599999999999999645e+00 8.099999999999999645e+00 4.150000000000000355e+00 2.149999999999999911e+00 2.050000000000000266e+00 1.849999999999999867e+00
8.150000000000000355e+00 6.750000000000000000e+00 6.400000000000000355e+00 6.049999999999999822e+00 5.800000000000000711e+00 5.949999999999999289e+00 6.200000000000000178e+00 6.349999999999999645e+00 8.200000000000001066e+00 1.184999999999999964e+01 1.504999999999999893e+01 1.635000000000000142e+01 1.794999999999999929e+01 1.269999999999999929e+01 9.049999999999998934e+00 5.850000000000000533e+00 4.100000000000000533e+00 2.500000000000000000e+00 1.500000000000000000e+00 8.999999999999999112e-01
8.949999999999999289e+00 9.950000000000001066e+00 8.150000000000000355e+00 8.349999999999999645e+00 7.750000000000000000e+00 6.299999999999999822e+00 7.199999999999999289e+00 8.750000000000000000e+00 9.449999999999999289e+00 1.280000000000000071e+01 1.400000000000000178e+01 1.869999999999999929e+01 1.575000000000000000e+01 1.340000000000000036e+01 9.000000000000000000e+00 6.000000000000000000e+00 4.100000000000000533e+00 2.800000000000000266e+00 1.400000000000000133e+00 1.000000000000000000e+00
