0.000000000000000000e+00 0.000000000000000000e+00 0.000000000000000000e+00 0.000000000000000000e+00 0.000000000000000000e+00 0.000000000000000000e+00 0.000000000000000000e+00 0.000000000000000000e+00 0.000000000000000000e+00 0.000000000000000000e+00 0.000000000000000000e+00 0.000000000000000000e+00 0.000000000000000000e+00 0.000000000000000000e+00 0.000000000000000000e+00 3.500000000000000333e-01 8.500000000000000888e-01 2.800000000000000266e+00 3.100000000000000089e+00 3.250000000000000000e+00
0.000000000000000000e+00 0.000000000000000000e+00 0.000000000000000000e+00 0.000000000000000000e+00 0.000000000000000000e+00 0.000000000000000000e+00 0.000000000000000000e+00 0.000000000000000000e+00 0.000000000000000000e+00 0.000000000000000000e+00 0.000000000000000000e+00 0.000000000000000000e+00 0.000000000000000000e+00 0.000000000000000000e+00 5.000000000000000278e-02 4.000000000000000222e-01 8.999999999999999112e-01 3.250000000000000000e+00 2.800000000000000266e+00 4.599999999999999645e+00
0.000000000000000000e+00 0.000000000000000000e+00 0.000000000000000000e+00 0.000000000000000000e+00 0.000000000000000000e+00 0.000000000000000000e+00 0.000000000000000000e+00 0.000000000000000000e+00 0.000000000000000000e+00 0.000000000000000000e+00 0.000000000000000000e+00 0.000000000000000000e+00 0.000000000000000000e+00 0.000000000000000000e+00 5.000000000000000278e-02 1.099999999999999867e+00 2.250000000000000000e+00 2.600000000000000089e+00 3.649999999999999911e+00 4.200000000000000178e+00
0.000000000000000000e+00 0.000000000000000000e+00 0.000000000000000000e+00 0.000000000000000000e+00 0.000000000000000000e+00 0.000000000000000000e+00 0.000000000000000000e+00 0.000000000000000000e+00 0.000000000000000000e+00 0.000000000000000000e+00 0.000000000000000000e+00 0.000000000000000000e+00 0.000000000000000000e+00 0.000000000000000000e+00 2.500000000000000000e-01 1.350000000000000089e+00 2.199999999999999734e+00 3.200000000000000178e+00 4.000000000000000000e+00 6.099999999999999645e+00
0.000000000000000000e+00 0.000000000000000000e+00 0.000000000000000000e+00 0.000000000000000000e+00 0.000000000000000000e+00 0.000000000000000000e+00 0.000000000000000000e+00 0.000000000000000000e+00 0.000000000000000000e+00 0.000000000000000000e+00 0.000000000000000000e+00 0.000000000000000000e+00 0.000000000000000000e+00 0.000000000000000000e+00 8.000000000000000444e-01 2.100000000000000089e+00 3.200000000000000178e+00 3.649999999999999911e+00 4.549999999999999822e+00 6.850000000000000533e+00
0.000000000000000000e+00 0.000000000000000000e+00 0.000000000000000000e+00 0.000000000000000000e+00 0.000000000000000000e+00 0.000000000000000000e+00 0.000000000000000000e+00 0.000000000000000000e+00 0.000000000000000000e+00 0.000000000000000000e+00 0.000000000000000000e+00 0.000000000000000000e+00 5.000000000000000278e-02 2.000000000000000111e-01 1.050000000000000044e+00 2.649999999999999911e+00 2.750000000000000000e+00 4.150000000000000355e+00 5.050000000000000711e+00 6.200000000000000178e+00
0.000000000000000000e+00 0.000000000000000000e+00 0.000000000000000000e+00 0.000000000000000000e+00 0.000000000000000000e+00 0.000000000000000000e+00 0.000000000000000000e+00 0.000000000000000000e+00 0.000000000000000000e+00 0.000000000000000000e+00 0.000000000000000000e+00 0.000000000000000000e+00 5.000000000000000278e-02 4.000000000000000222e-01 1.600000000000000089e+00 2.250000000000000000e+00 4.250000000000000000e+00 4.250000000000000000e+00 6.200000000000000178e+00 8.000000000000000000e+00
0.000000000000000000e+00 0.000000000000000000e+00 0.000000000000000000e+00 0.000000000000000000e+00 0.000000000000000000e+00 0.000000000000000000e+00 0.000000000000000000e+00 0.000000000000000000e+00 0.000000000000000000e+00 0.000000000000000000e+00 0.000000000000000000e+00 0.000000000000000000e+00 2.000000000000000111e-01 6.500000000000000222e-01 1.899999999999999911e+00 3.000000000000000000e+00 3.450000000000000178e+00 5.200000000000000178e+00 6.299999999999999822e+00 9.150000000000000355e+00
0.000000000000000000e+00 0.000000000000000000e+00 0.000000000000000000e+00 0.000000000000000000e+00 0.000000000000000000e+00 0.000000000000000000e+00 0.000000000000000000e+00 0.000000000000000000e+00 0.000000000000000000e+00 0.000000000000000000e+00 0.000000000000000000e+00 0.000000000000000000e+00 2.000000000000000111e-01 1.350000000000000089e+00 2.299999999999999822e+00 3.049999999999999822e+00 4.150000000000000355e+00 5.349999999999999645e+00 7.149999999999999467e+00 8.699999999999999289e+00
0.000000000000000000e+00 0.000000000000000000e+00 0.000000000000000000e+00 0.000000000000000000e+00 0.000000000000000000e+00 0.000000000000000000e+00 0.000000000000000000e+00 0.000000000000000000e+00 0.000000000000000000e+00 0.000000000000000000e+00 0.000000000000000000e+00 5.000000000000000278e-02 4.499999999999999556e-01 1.300000000000000044e+00 2.199999999999999734e+00 3.649999999999999911e+00 5.800000000000000711e+00 6.099999999999999645e+00 8.349999999999999645e+00 8.949999999999999289e+00
0.000000000000000000e+00 0.000000000000000000e+00 0.000000000000000000e+00 0.000000000000000000e+00 0.000000000000000000e+00 0.000000000000000000e+00 0.000000000000000000e+00 0.000000000000000000e+00 0.000000000000000000e+00 0.000000000000000000e+00 5.000000000000000278e-02 2.000000000000000111e-01 1.050000000000000044e+00 1.799999999999999822e+00 3.200000000000000178e+00 3.699999999999999734e+00 5.700000000000000178e+00 7.500000000000000000e+00 8.949999999999999289e+00 1.054999999999999893e+01
0.000000000000000000e+00 0.000000000000000000e+00 0.000000000000000000e+00 0.000000000000000000e+00 0.000000000000000000e+00 0.000000000000000000e+00 0.000000000000000000e+00 0.000000000000000000e+00 0.000000000000000000e+00 0.000000000000000000e+00 0.000000000000000000e+00 5.499999999999999334e-01 1.250000000000000000e+00 2.149999999999999911e+00 2.700000000000000178e+00 4.399999999999999467e+00 5.800000000000000711e+00 6.800000000000000711e+00 8.200000000000001066e+00 1.080000000000000071e+01
0.000000000000000000e+00 0.000000000000000000e+00 0.000000000000000000e+00 0.000000000000000000e+00 0.000000000000000000e+00 0.000000000000000000e+00 0.000000000000000000e+00 0.000000000000000000e+00 0.000000000000000000e+00 0.000000000000000000e+00 1.000000000000000056e-01 5.000000000000000000e-01 1.350000000000000089e+00 2.600000000000000089e+00 3.699999999999999734e+00 5.000000000000000000e+00 6.349999999999999645e+00 8.750000000000000000e+00 9.400000000000000355e+00 1.230000000000000071e+01
0.000000000000000000e+00 0.000000000000000000e+00 0.000000000000000000e+00 0.000000000000000000e+00 0.000000000000000000e+00 0.000000000000000000e+00 0.000000000000000000e+00 0.000000000000000000e+00 0.000000000000000000e+00 0.000000000000000000e+00 1.000000000000000056e-01 1.300000000000000044e+00 1.550000000000000044e+00 2.850000000000000089e+00 4.299999999999999822e+00 6.299999999999999822e+00 7.349999999999999645e+00 9.250000000000000000e+00 1.054999999999999893e+01 1.155000000000000071e+01
0.000000000000000000e+00 0.000000000000000000e+00 0.000000000000000000e+00 0.000000000000000000e+00 0.000000000000000000e+00 0.000000000000000000e+00 0.000000000000000000e+00 0.000000000000000000e+00 0.000000000000000000e+00 5.000000000000000278e-02 3.500000000000000333e-01 8.500000000000000888e-01 2.149999999999999911e+00 2.850000000000000089e+00 4.150000000000000355e+00 6.400000000000000355e+00 8.300000000000000711e+00 1.040000000000000036e+01 1.240000000000000036e+01 1.424999999999999822e+01
0.000000000000000000e+00 0.000000000000000000e+00 0.000000000000000000e+00 0.000000000000000000e+00 0.000000000000000000e+00 0.000000000000000000e+00 0.000000000000000000e+00 0.000000000000000000e+00 0.000000000000000000e+00 1.499999999999999944e-01 4.000000000000000222e-01 7.000000000000000666e-01 2.350000000000000089e+00 3.549999999999999822e+00 4.850000000000000533e+00 7.950000000000000178e+00 8.750000000000000000e+00 1.105000000000000071e+01 1.250000000000000000e+01 1.515000000000000036e+01
0.000000000000000000e+00 0.000000000000000000e+00 0.000000000000000000e+00 0.000000000000000000e+00 0.000000000000000000e+00 0.000000000000000000e+00 0.000000000000000000e+00 0.000000000000000000e+00 0.000000000000000000e+00 5.000000000000000278e-02 4.000000000000000222e-01 1.400000000000000133e+00 2.299999999999999822e+00 3.699999999999999734e+00 4.900000000000000355e+00 7.799999999999999822e+00 1.034999999999999964e+01 1.065000000000000036e+01 1.350000000000000000e+01 1.385000000000000142e+01
0.000000000000000000e+00 0.000000000000000000e+00 0.000000000000000000e+00 0.000000000000000000e+00 0.000000000000000000e+00 0.000000000000000000e+00 0.000000000000000000e+00 0.000000000000000000e+00 5.000000000000000278e-02 2.000000000000000111e-01 6.500000000000000222e-01 1.650000000000000133e+00 1.450000000000000178e+00 3.950000000000000178e+00 4.950000000000000178e+00 9.300000000000000711e+00 1.069999999999999929e+01 1.265000000000000036e+01 1.715000000000000213e+01 1.559999999999999964e+01
0.000000000000000000e+00 0.000000000000000000e+00 0.000000000000000000e+00 0.000000000000000000e+00 0.000000000000000000e+00 0.000000000000000000e+00 0.000000000000000000e+00 5.000000000000000278e-02 0.000000000000000000e+00 2.000000000000000111e-01 7.000000000000000666e-01 1.149999999999999911e+00 1.899999999999999911e+00 4.200000000000000178e+00 6.550000000000000711e+00 9.650000000000000355e+00 1.120000000000000107e+01 1.305000000000000071e+01 1.559999999999999964e+01 1.419999999999999929e+01
5.000000000000000278e-02 0.000000000000000000e+00 5.000000000000000278e-02 0.000000000000000000e+00 0.000000000000000000e+00 0.000000000000000000e+00 0.000000000000000000e+00 1.000000000000000056e-01 1.000000000000000056e-01 2.000000000000000111e-01 8.000000000000000444e-01 1.550000000000000044e+00 2.100000000000000089e+00 4.150000000000000355e+00 6.900000000000000355e+00 9.950000000000001066e+00 1.155000000000000071e+01 1.509999999999999964e+01 1.555000000000000071e+01 1.429999999999999893e+01
